Original	Verf‰lschte	DL	L	1,1,1(Length,Distribution,Order)	1,3,3	1,10,10	1,300,300	1,1000,1000
Ebert@BNP_Paribas_S.A..de	 Ebret@BNP_Paribas_S.A..de	0.04	0.08	0.013934693402873666	0.010540405310703372	0.008947369955028326	2.452556739643841E-5	2.209756915366734E-6
Klingler-Wolf@BNP_Paribas_S.A..de	 Klnigler-Wolf@BNP_Paribas_S.A..de	0.030303030303030304	0.06060606060606061	0.01055658591126793	0.007985155423206476	0.006114309255482599	1.366618569459242E-5	1.2309612013905795E-6
Waldm√ºller@BNP_Paribas_S.A..de	 Wadlm√ºller@BNP_Paribas_S.A..de	0.03333333333333333	0.06666666666666667	0.011519669531242702	0.0037292489281716763	4.0825032478514765E-4	4.6295241786971827E-7	4.166658125008086E-8
Tepel@BNP_Paribas_S.A..de	 Teepl@BNP_Paribas_S.A..de	0.04	0.08	0.004098638961326735	5.629221988878603E-4	5.19533417428925E-5	5.787020961970738E-8	5.208332030705772E-9
Nussbaum@BNP_Paribas_S.A..de	 Nussbaum@BNP_Paribas_S.A..de	0.0	0.0	0.0	0.0	0.0	0.0	0.0
Macher@BNP_Paribas_S.A..de	 Mahcer@BNP_Paribas_S.A..de	0.038461538461538464	0.07692307692307693	0.003934693402873666	5.404053109323459E-4	4.9875208073176804E-5	5.555540123491909E-8	4.999998749477541E-9
Schopen@Air_Liquide_Deutschland_GmbH.de	 Scohpen@Air_Liquide_Deutschland_GmbH.de	0.02564102564102564	0.05128205128205128	0.008932495771072862	0.006756670071109372	0.005987065173510773	1.8846987964866325E-5	1.6984937361140789E-6
Freygang@Adidas_AG.de	 Fryegang@Adidas_AG.de	0.047619047619047616	0.09523809523809523	0.016588920717706745	0.012548100293327624	0.00915763624108874	1.9164558105758783E-5	1.7260661934853913E-6
Masch@agiplan_GmbH.de	 Macsh@agiplan_GmbH.de	0.047619047619047616	0.09523809523809523	0.004918366753592082	6.755066386654324E-4	6.2344010091471E-5	6.944425154364886E-8	6.249998436846927E-9
Travnicek@Adidas_AG.de	 Trvanicek@Adidas_AG.de	0.045454545454545456	0.09090909090909091	0.015834878866901894	0.011964053080663709	0.0052149215246319125	7.699453086440742E-6	6.931610203055176E-7
Ruckel@Aareon_AG.de	 Rukcel@Aareon_AG.de	0.05263157894736842	0.10526315789473684	0.005464851948435647	7.505629318504803E-4	6.927112232385666E-5	7.716027949294318E-8	6.9444427076076956E-9
Krusemarck@Aareon_AG.de	 Krsuemarck@Aareon_AG.de	0.043478260869565216	0.08695652173913043	0.004471242503265529	6.140969442413022E-4	5.667637281042818E-5	6.31311377669535E-8	5.681816760769933E-9
Heise@AIRBUS_S.A.S..de	 Hesie@AIRBUS_S.A.S..de	0.045454545454545456	0.09090909090909091	0.00468415881294484	6.433396558718403E-4	5.937524770616286E-5	6.613738242252272E-8	5.9523794636637394E-9
Dreher@AIRBUS_S.A.S..de	 Drheer@AIRBUS_S.A.S..de	0.043478260869565216	0.08695652173913043	0.008553681310594925	0.0011747941542007518	1.0842436537647131E-4	1.2077261138025888E-7	1.086956249886422E-8
Wilharm@AIRBUS_S.A.S..de	 Wihlarm@AIRBUS_S.A.S..de	0.041666666666666664	0.08333333333333333	0.004276840655297463	5.873970771003759E-4	5.4212182688235655E-5	6.038630569012944E-8	5.43478124943211E-9
Zintzen@Aixtron_AG.de	 Zitnzen@Aixtron_AG.de	0.047619047619047616	0.09523809523809523	0.016456670758918147	0.00532749846881668	5.83214749693068E-4	6.613605969567404E-7	5.9523687500115516E-8
Schapdick@Aixtron_AG.de	 Scahpdick@Aixtron_AG.de	0.043478260869565216	0.08695652173913043	0.004471242503265529	6.140969442413022E-4	5.667637281042818E-5	6.31311377669535E-8	5.681816760769933E-9
Beckmann@Allianz_Global_Investors.de	 Bekcmann@Allianz_Global_Investors.de	0.027777777777777776	0.05555555555555555	0.002810495287766904	3.860037935231042E-4	3.562514862369771E-5	3.9682429453513635E-8	3.5714276781982434E-9
U. Berquet@Amway_GmbH.de	 U.B erquet@Amway_GmbH.de	0.041666666666666664	0.08333333333333333	0.004276840655297463	5.873970771003759E-4	5.4212182688235655E-5	6.038630569012944E-8	5.43478124943211E-9
Lachermeier-Seifert@Amway_GmbH.de	 Lahcermeier-Seifert@Amway_GmbH.de	0.030303030303030304	0.06060606060606061	0.0030739792209950514	4.2219164916589523E-4	3.896500630716938E-5	4.340265721478054E-8	3.906249023029329E-9
Steinfartz@anyWARE_AG.de	 Stienfartz@anyWARE_AG.de	0.041666666666666664	0.08333333333333333	0.014515305627993401	0.010979588863227828	0.009058877474694842	2.31803172345534E-5	2.088333345918782E-6
Volkmar@Bundesagentur_f√ºr_Arbeit.de	 Voklmar@Bundesagentur_f√ºr_Arbeit.de	0.02857142857142857	0.05714285714285714	0.0028931569138776953	3.9735684627378377E-4	3.667294711263E-5	4.084955973155815E-8	3.676469668733486E-9
H√ºttner@ASM_AS_(Siemens_AG).de	 H√ºttner@ASM_AS_(Siemens_AG).de	0.0	0.0	0.0	0.0	0.0	0.0	0.0
Dr√§ger@AstraZeneca_GmbH.de	 Drg√§er@AstraZeneca_GmbH.de	0.038461538461538464	0.07692307692307693	0.003934693402873666	5.404053109323459E-4	4.9875208073176804E-5	5.555540123491909E-8	4.999998749477541E-9
R√∂pke@AstraZeneca_GmbH.de	 R√∂kpe@AstraZeneca_GmbH.de	0.04	0.08	0.004098638961326735	5.629221988878603E-4	5.19533417428925E-5	5.787020961970738E-8	5.208332030705772E-9
Piotrowski@AstraZeneca_GmbH.de	 Pitorowski@AstraZeneca_GmbH.de	0.03333333333333333	0.06666666666666667	0.01048445047542295	0.002110859401470221	2.0657372917135355E-4	2.3147929528270309E-7	2.083331562448739E-8
Tr√∂ger@AT-Design.de	 Trg√∂er@AT-Design.de	0.05263157894736842	0.10526315789473684	0.005464851948435647	7.505629318504803E-4	6.927112232385666E-5	7.716027949294318E-8	6.9444427076076956E-9
Ruge@ATOSS_Software_AG.de	 Rueg@ATOSS_Software_AG.de	0.04	0.08	0.004098638961326735	5.629221988878603E-4	5.19533417428925E-5	5.787020961970738E-8	5.208332030705772E-9
Kr√ºger@Audi_AG.de	 Krg√ºer@Audi_AG.de	0.058823529411764705	0.11764705882352941	0.006147958441990103	8.443832983317905E-4	7.793001261433875E-5	8.680531442956108E-8	7.812498046058658E-9
Schuderer@Audi_AG.de	 Scuhderer@Audi_AG.de	0.05	0.1	0.005177228161675876	7.110596196478235E-4	6.562527378049579E-5	7.309921215120932E-8	6.578945722996764E-9
Schneider@Audi_AG.de	 Scnheider@Audi_AG.de	0.05	0.1	0.005177228161675876	7.110596196478235E-4	6.562527378049579E-5	7.309921215120932E-8	6.578945722996764E-9
Sch√§ffler@Audi_AG.de	 Sc√§hffler@Audi_AG.de	0.05	0.1	0.005177228161675876	7.110596196478235E-4	6.562527378049579E-5	7.309921215120932E-8	6.578945722996764E-9
Bernet@AXA_Winterthur.de	 Benret@AXA_Winterthur.de	0.041666666666666664	0.08333333333333333	0.014515305627993401	0.010978717528604217	0.005994064193714361	9.833373028620324E-6	8.853794776092956E-7
Scholz@B._Braun_Melsungen_AG.de	 Scohlz@B._Braun_Melsungen_AG.de	0.03225806451612903	0.06451612903225806	0.003278911169061388	4.5033775911028823E-4	4.1562673394314004E-5	4.629616769576591E-8	4.1666656245646175E-9
Schade@BAHAG_AG.de	 Scahde@BAHAG_AG.de	0.05555555555555555	0.1111111111111111	0.005786313827755391	7.947136925475675E-4	7.334589422526E-5	8.16991194631163E-8	7.352939337466972E-9
Salewski@BASF_IT_Services_GmbH.de	 Saelwski@BASF_IT_Services_GmbH.de	0.030303030303030304	0.06060606060606061	0.0030739792209950514	4.2219164916589523E-4	3.896500630716938E-5	4.340265721478054E-8	3.906249023029329E-9
Gehl@BASF_IT_Services_GmbH.de	 Gelh@BASF_IT_Services_GmbH.de	0.034482758620689655	0.06896551724137931	0.00351311910970863	4.8250474190388026E-4	4.453143577962214E-5	4.960303681689204E-8	4.464284597747804E-9
Tiedeke@Baumer_Electric_AG.de	 Tideeke@Baumer_Electric_AG.de	0.034482758620689655	0.06896551724137931	0.0067839541428856304	9.317332947109412E-4	8.599173805720138E-5	9.578517454296394E-8	8.620687499099208E-9
D√∂ring@Baumer_Optronic_GmbH.de	 D√∂irng@Baumer_Optronic_GmbH.de	0.03333333333333333	0.06666666666666667	0.011612244502394722	0.008691096121291602	0.0028167559162403607	3.7954525442437013E-6	3.4165983134141577E-7
Seiffert@Baxter_Deutschland_GmbH.de	 Sefifert@Baxter_Deutschland_GmbH.de	0.02857142857142857	0.05714285714285714	0.0028931569138776953	3.9735684627378377E-4	3.667294711263E-5	4.084955973155815E-8	3.676469668733486E-9
Strigl@Bayerisches_Landesamt_f√ºr_Statistik.de	 Stirgl@Bayerisches_Landesamt_f√ºr_Statistik.de	0.022222222222222223	0.044444444444444446	0.007741496334929744	0.005697083501714912	0.0015491026874090382	2.0058216294077053E-6	1.8055271044678833E-7
Sch√∂nfeld@Bayerisches_Landesamt_f√ºr_Statistik.de	 Sc√∂hnfeld@Bayerisches_Landesamt_f√ºr_Statistik.de	0.020833333333333332	0.041666666666666664	0.007257652813996701	0.005489775023125325	0.0035434117367133745	6.535284455950913E-6	5.885087082669234E-7
Ellermann@Beiersdorf_AG.de	 Elelrmann@Beiersdorf_AG.de	0.038461538461538464	0.07692307692307693	0.003934693402873666	5.404053109323459E-4	4.9875208073176804E-5	5.555540123491909E-8	4.999998749477541E-9
Burmeister@Berlin_Institute_of_Technology.de	 Bumreister@Berlin_Institute_of_Technology.de	0.022727272727272728	0.045454545454545456	0.007917439346916971	0.005219916181003534	9.643028942957141E-4	1.1678155764587912E-6	1.051127152042071E-7
Prox@Berliner_Verkehrsbetriebe_(BVG).de	 Prxo@Berliner_Verkehrsbetriebe_(BVG).de	0.02564102564102564	0.05128205128205128	0.002588614080837938	3.5552980982391175E-4	3.2812636890247894E-5	3.654960607560466E-8	3.289472861498382E-9
Stoffels@Berliner_Verkehrsbetriebe_(BVG).de	 Stfofels@Berliner_Verkehrsbetriebe_(BVG).de	0.023255813953488372	0.046511627906976744	0.00234207940647242	3.2166982793592014E-4	2.968762385308143E-5	3.306869121126136E-8	2.9761897318318697E-9
Seifert@Bertrandt_Services_GmbH.de	 Sefiert@Bertrandt_Services_GmbH.de	0.029411764705882353	0.058823529411764705	0.010246098090348283	0.007750298008407845	0.006180243119339433	1.4772803771597796E-5	1.3307625788974545E-6
Smischek@Beta_Systems_Software_AG.de	 Smsichek@Beta_Systems_Software_AG.de	0.027777777777777776	0.05555555555555555	0.002810495287766904	3.860037935231042E-4	3.562514862369771E-5	3.9682429453513635E-8	3.5714276781982434E-9
Schindler@Beta_Systems_Software_AG.de	 Scihndler@Beta_Systems_Software_AG.de	0.02702702702702703	0.05405405405405406	0.0027324259742178233	3.7528146592524016E-4	3.463556116192833E-5	3.858013974647159E-8	3.4722213538038478E-9
Paffrath@Bewotec_GmbH.de	 Paffrath@Bewotec_GmbH.de	0.0	0.0	0.0	0.0	0.0	0.0	0.0
Bronninger@BMW_AG.de	 Brnoninger@BMW_AG.de	0.05	0.1	0.005177228161675876	7.110596196478235E-4	6.562527378049579E-5	7.309921215120932E-8	6.578945722996764E-9
Quassowski@BMW_AG.de	 Qusasowski@BMW_AG.de	0.05	0.1	0.005177228161675876	7.110596196478235E-4	6.562527378049579E-5	7.309921215120932E-8	6.578945722996764E-9
Teichmann@BRANDAD_Systems_AG.de	 Tecihmann@BRANDAD_Systems_AG.de	0.03225806451612903	0.06451612903225806	0.003278911169061388	4.5033775911028823E-4	4.1562673394314004E-5	4.629616769576591E-8	4.1666656245646175E-9
Lewerenz@Brandenburgische_Technische_Universit√§t.de	 Leewrenz@Brandenburgische_Technische_Universit√§t.de	0.0196078431372549	0.0392156862745098	0.001967346701436833	2.7020265546617297E-4	2.4937604036588402E-5	2.7777700617459546E-8	2.4999993747387704E-9
Sarnowski@BROCKHAUS_AG.de	 Sanrowski@BROCKHAUS_AG.de	0.04	0.08	0.004098638961326735	5.629221988878603E-4	5.19533417428925E-5	5.787020961970738E-8	5.208332030705772E-9
Petermann@Bruker_Optik_GmbH.de	 Peetrmann@Bruker_Optik_GmbH.de	0.03333333333333333	0.06666666666666667	0.011612244502394722	0.008783665543809063	0.00605791850295103	1.1889724030076745E-5	1.0707650685374641E-6
Holtzmann@BSS_Beiersdorf_Shared_Services_GmbH.de	 Hotlzmann@BSS_Beiersdorf_Shared_Services_GmbH.de	0.020833333333333332	0.041666666666666664	0.002092922022805141	2.874496334746521E-4	2.6529365996370637E-5	2.9550745337722918E-8	2.6595738029135854E-9
Meissl@BT_(Germany)_GmbH_&_Co._oHG.de	 Mesisl@BT_(Germany)_GmbH_&_Co._oHG.de	0.02702702702702703	0.05405405405405406	0.0027324259742178233	3.7528146592524016E-4	3.463556116192833E-5	3.858013974647159E-8	3.4722213538038478E-9
Winkelh√∂fer@Bundesdruckerei.de	 Wiknelh√∂fer@Bundesdruckerei.de	0.03333333333333333	0.06666666666666667	0.011612244502394722	0.008773638925820053	0.003824275784730069	5.64626559672321E-6	5.083180815573796E-7
Pletat@Bundesministerium_f√ºr_Gesundheit.de	 Plteat@Bundesministerium_f√ºr_Gesundheit.de	0.023809523809523808	0.047619047619047616	0.008294460358853296	0.006104018037551691	0.0016597528793668263	2.149094602936827E-6	1.9344933262155888E-7
Bach@BVG_-_Anstalt_√∂ffentlichen_Rechts.de	 Bahc@BVG_-_Anstalt_√∂ffentlichen_Rechts.de	0.024390243902439025	0.04878048780487805	0.008496764270044919	0.006427076409105012	0.005785687548616975	1.951488412860124E-5	1.7588934869267996E-6
P√∂rschke@BVV_a.G..de	 P√∂srchke@BVV_a.G..de	0.05	0.1	0.005177228161675876	7.110596196478235E-4	6.562527378049579E-5	7.309921215120932E-8	6.578945722996764E-9
Endres@Cassini_Consulting_Frankfurt_GmbH.de	 Enrdes@Cassini_Consulting_Frankfurt_GmbH.de	0.023255813953488372	0.046511627906976744	0.008101565931903294	0.006128142622635085	0.005838696037142078	4.648654425454386E-5	4.199066398787581E-6
Hatebur@CAT.de	 Haetbur@CAT.de	0.07142857142857142	0.14285714285714285	0.007566718082449357	0.0010392409825622038	9.591386167918616E-5	1.068373100671521E-7	9.615382210533733E-9
W. Luellemann@CAT.de	 W.L uellemann@CAT.de	0.05	0.1	0.005177228161675876	7.110596196478235E-4	6.562527378049579E-5	7.309921215120932E-8	6.578945722996764E-9
Lips@cirosec_GmbH.de	 Lisp@cirosec_GmbH.de	0.05	0.1	0.005177228161675876	7.110596196478235E-4	6.562527378049579E-5	7.309921215120932E-8	6.578945722996764E-9
Ruch@Coca_Cola_CCEAG.de	 Ruhc@Coca_Cola_CCEAG.de	0.043478260869565216	0.08695652173913043	0.015142759539776781	0.006988350441152686	8.899040697900209E-4	1.0265269403494322E-6	9.239095516301647E-8
Podebrad@Commerzbank_AG.de	 Poedbrad@Commerzbank_AG.de	0.038461538461538464	0.07692307692307693	0.013395518054417924	0.006182002313327377	7.872228309680955E-4	9.08081524155267E-7	8.173046033651458E-8
Witte@conceptq_GmbH.de	 Witte@conceptq_GmbH.de	0.0	0.0	0.0	0.0	0.0	0.0	0.0
Lindner@Continental_VDO_Automotive.de	 Lidnner@Continental_VDO_Automotive.de	0.02702702702702703	0.05405405405405406	0.005317153247126576	7.302774472058729E-4	6.739892982861731E-5	7.507486653367445E-8	6.756755066861543E-9
Tursch@Condato_GmbH.de	 Tusrch@Condato_GmbH.de	0.045454545454545456	0.09090909090909091	0.00468415881294484	6.433396558718403E-4	5.937524770616286E-5	6.613738242252272E-8	5.9523794636637394E-9
Benner@Continental_Teves_AG_&_Co._oHG.de	 Benner@Continental_Teves_AG_&_Co._oHG.de	0.0	0.0	0.0	0.0	0.0	0.0	0.0
Kolodziejczak@Continental_Automotive_Systems_Electric.de	 Kooldziejczak@Continental_Automotive_Systems_Electric.de	0.017857142857142856	0.03571428571428571	0.006220845269140029	0.004705538085135433	0.003994361587066216	1.0948914016267145E-5	9.864986229315777E-7
Oehlen@ConVista_Consulting_AG.de	 Oelhen@ConVista_Consulting_AG.de	0.03125	0.0625	0.0031731398410271496	4.358107346228596E-4	4.022194199449742E-5	4.480274293138636E-8	4.032257056030275E-9
Kemper@ConVista_Consulting_AG.de	 Kepmer@ConVista_Consulting_AG.de	0.03125	0.0625	0.0031731398410271496	4.358107346228596E-4	4.022194199449742E-5	4.480274293138636E-8	4.032257056030275E-9
Heimbach@Cooper_Standard_Automotive.de	 Hemibach@Cooper_Standard_Automotive.de	0.02631578947368421	0.05263157894736842	0.00916756144925899	0.0069344771782449645	0.006513596939067432	3.070315730986358E-5	2.7691552772417758E-6
Findeisen@Coperion_Werner_&_Pfleiderer.de	 Fidneisen@Coperion_Werner_&_Pfleiderer.de	0.024390243902439025	0.04878048780487805	0.008496741546549967	0.004906636111682552	7.468940135531843E-4	8.806999048608838E-7	7.926781555061424E-8
Burkhardt@Coperion_Werner_&_Pfleiderer.de	 Bukrhardt@Coperion_Werner_&_Pfleiderer.de	0.024390243902439025	0.04878048780487805	0.008429026486275148	0.002728718727930495	2.9871974984279097E-4	3.38745671611989E-7	3.048774237810795E-8
Willig@Critical_Systems.de	 Willig@Critical_Systems.de	0.0	0.0	0.0	0.0	0.0	0.0	0.0
Bornheim@Cross_Match_Technologies_GmbH.de	 Bonrheim@Cross_Match_Technologies_GmbH.de	0.024390243902439025	0.04878048780487805	0.0084967642699053	0.006026292698028684	0.001355384040033229	1.6935409343810647E-6	1.5243719361248904E-7
Rodrigo@Csecure_AG.de	 Rordigo@Csecure_AG.de	0.047619047619047616	0.09523809523809523	0.016588920717706745	0.012548093634012948	0.008654169289930042	1.698532004296678E-5	1.5296643836249485E-6
Krieger@Daimler_Financial_Services_AG.de	 Kreiger@Daimler_Financial_Services_AG.de	0.025	0.05	0.008709183376652932	0.006176950015479401	0.0013892686410340597	1.7358794577405913E-6	1.5624812345280127E-7
Leutnant@Daimler_AG.de	 Letunant@Daimler_AG.de	0.045454545454545456	0.09090909090909091	0.00468415881294484	6.433396558718403E-4	5.937524770616286E-5	6.613738242252272E-8	5.9523794636637394E-9
Heger@Daimler_AG.de	 Heegr@Daimler_AG.de	0.05263157894736842	0.10526315789473684	0.005464851948435647	7.505629318504803E-4	6.927112232385666E-5	7.716027949294318E-8	6.9444427076076956E-9
Dombrowski@Daimler_AG.de	 Dobmrowski@Daimler_AG.de	0.041666666666666664	0.08333333333333333	0.014515305627993401	0.010967048657275064	0.004780344730912586	7.0578319959040126E-6	6.353976019467245E-7
H√ºttel@Daimler_AG.de	 H√ºttel@Daimler_AG.de	0.0	0.0	0.0	0.0	0.0	0.0	0.0
Burchardt@Daimler_AG.de	 Bucrhardt@Daimler_AG.de	0.043478260869565216	0.08695652173913043	0.015025655910316568	0.004864237732397839	5.325004236328012E-4	6.038509798300673E-7	5.434771467401851E-8
Boll@Daimler_AG.de	 Boll@Daimler_AG.de	0.0	0.0	0.0	0.0	0.0	0.0	0.0
Jung@Daimler_AG.de	 Jugn@Daimler_AG.de	0.05555555555555555	0.1111111111111111	0.005786313827755391	7.947136925475675E-4	7.334589422526E-5	8.16991194631163E-8	7.352939337466972E-9
Huettenberger@Daimler_AG.de	 Hutetenberger@Daimler_AG.de	0.037037037037037035	0.07407407407407407	0.01164938941713661	0.002345399334966912	2.295263657459484E-4	2.571992169807812E-7	2.3148128471652652E-8
Biber@Daimler_AG.de	 Biebr@Daimler_AG.de	0.05263157894736842	0.10526315789473684	0.005464851948435647	7.505629318504803E-4	6.927112232385666E-5	7.716027949294318E-8	6.9444427076076956E-9
Stumb√∂ck@Daimler_AG.de	 Stmub√∂ck@Daimler_AG.de	0.045454545454545456	0.09090909090909091	0.00468415881294484	6.433396558718403E-4	5.937524770616286E-5	6.613738242252272E-8	5.9523794636637394E-9
Bangel@DB_Systel_GmbH.de	 Bagnel@DB_Systel_GmbH.de	0.041666666666666664	0.08333333333333333	0.004276840655297463	5.873970771003759E-4	5.4212182688235655E-5	6.038630569012944E-8	5.43478124943211E-9
Mairose@DB_Vertrieb_GmbH.de	 Mariose@DB_Vertrieb_GmbH.de	0.037037037037037035	0.07407407407407407	0.01290249389154969	0.00975886002542597	0.005328057061079431	8.74077602544029E-6	7.870039800971517E-7
Rappold@DB_Vertrieb_GmbH.de	 Rappold@DB_Vertrieb_GmbH.de	0.0	0.0	0.0	0.0	0.0	0.0	0.0
Herold@Deutsche_Bahn_AG.de	 Heorld@Deutsche_Bahn_AG.de	0.038461538461538464	0.07692307692307693	0.003934693402873666	5.404053109323459E-4	4.9875208073176804E-5	5.555540123491909E-8	4.999998749477541E-9
Brunow@Deutsche_Bahn_AG.de	 Brnuow@Deutsche_Bahn_AG.de	0.038461538461538464	0.07692307692307693	0.013398743510167182	0.008833704306313672	0.0016318972057312085	1.976303283237954E-6	1.778830564994274E-7
Sch√∂n@Deutsche_Bank_AG.de	 Sc√∂hn@Deutsche_Bank_AG.de	0.04	0.08	0.013934693402873666	0.010429315345549924	0.003380107099488433	4.554543053092441E-6	4.0999179760969896E-7
Pazelt@Deutsche_Rentenversicherung_Bund.de	 Paezlt@Deutsche_Rentenversicherung_Bund.de	0.023809523809523808	0.047619047619047616	0.002399203294435162	3.295154334953329E-4	3.0411712239741954E-5	3.387524465543847E-8	3.0487797252911835E-9
Herrmann@Deutsche_Rentenversicherung_Bund.de	 Herrmann@Deutsche_Rentenversicherung_Bund.de	0.0	0.0	0.0	0.0	0.0	0.0	0.0
B√∂ttcher@Deutsches_Patent-_und_Markenamt.de	 B√∂ttcher@Deutsches_Patent-_und_Markenamt.de	0.0	0.0	0.0	0.0	0.0	0.0	0.0
R√∂mer@DFS_Deutsche_Flugsicherung_GmbH.de	 R√∂emr@DFS_Deutsche_Flugsicherung_GmbH.de	0.025	0.05	0.008709183376796041	0.0065877533193327165	0.006229992623705898	3.3313861818482644E-5	3.0055286139835105E-6
Ludwig@DHC_Dr._Herterich_&_Consutants_GmbH.de	 Luwdig@DHC_Dr._Herterich_&_Consutants_GmbH.de	0.022222222222222223	0.044444444444444446	0.007741496334929814	0.005855780728295748	0.0055814003232189735	4.9194750287992166E-5	4.445444917729037E-6
Troupeau@DHL_Global_Forwarding_UK.de	 Truopeau@DHL_Global_Forwarding_UK.de	0.027777777777777776	0.05555555555555555	0.009676870418662267	0.0073173963087870275	0.0035988560058843465	5.591914065553963E-6	5.034542217856473E-7
Schaser@DHL_Hub_Leipzig_GmbH.de	 Scahser@DHL_Hub_Leipzig_GmbH.de	0.03225806451612903	0.06451612903225806	0.003278911169061388	4.5033775911028823E-4	4.1562673394314004E-5	4.629616769576591E-8	4.1666656245646175E-9
Schramm@Dilax_Intelcom_GmbH.de	 Scrhamm@Dilax_Intelcom_GmbH.de	0.03333333333333333	0.06666666666666667	0.0033919770714428152	4.658666473554706E-4	4.299586902860069E-5	4.789258727148197E-8	4.310343749549604E-9
Vorbrodt@DIN_e.V..de	 Vobrrodt@DIN_e.V..de	0.05	0.1	0.009836733507184165	0.0013510132773308647	1.24688020182942E-4	1.3888850308729772E-7	1.2499996873693853E-8
Neske@discount24_GmbH_&_Co._KG.de	 Nekse@discount24_GmbH_&_Co._KG.de	0.030303030303030304	0.06060606060606061	0.01055655767904693	0.0060961236539086245	9.279592289600169E-4	1.094202912099886E-6	9.848425568409648E-8
Lungwitz@DKB_Grundbesitzvermittlung_GmbH.de	 Lugnwitz@DKB_Grundbesitzvermittlung_GmbH.de	0.023255813953488372	0.046511627906976744	0.008101565931903294	0.006127656295034912	0.003345524201142899	5.488394248532275E-6	4.941652898284441E-7
Br√ºckner@diconium_digital_solutions_GmbH.de	 Brc√ºkner@diconium_digital_solutions_GmbH.de	0.023255813953488372	0.046511627906976744	0.00234207940647242	3.2166982793592014E-4	2.968762385308143E-5	3.306869121126136E-8	2.9761897318318697E-9
Els√§sser@diconium_digital_solutions_GmbH.de	 El√§ssser@diconium_digital_solutions_GmbH.de	0.023255813953488372	0.046511627906976744	0.004575224887062402	6.283782685259836E-4	5.799442799206605E-5	6.459930376153382E-8	5.81395203427621E-9
Nolte@dSPACE_GmbH.de	 Notle@dSPACE_GmbH.de	0.05	0.1	0.005177228161675876	7.110596196478235E-4	6.562527378049579E-5	7.309921215120932E-8	6.578945722996764E-9
Schuengel@Earth_Television_Technology_GmbH.de	 Scuhengel@Earth_Television_Technology_GmbH.de	0.022222222222222223	0.044444444444444446	0.007741496334929814	0.005849092617213368	0.0025495171898200462	3.76417706448214E-6	3.3887872103825306E-7
Wasserer-Foerg@edcom_Software_&_Consulting_GmbH.de	 Wasserer-Foerg@edcom_Software_&_Consulting_GmbH.de	0.0	0.0	0.0	0.0	0.0	0.0	0.0
Wodrich@Elan_Computing_(Deutschland)_GmbH.de	 Wordich@Elan_Computing_(Deutschland)_GmbH.de	0.022727272727272728	0.045454545454545456	0.007917439433450947	0.0059888666539388334	0.005663629657914453	3.0285328925893313E-5	2.7322987399850094E-6
Zeiner@Elektroschaltanlagen_Grimma_GmbH.de	 Zenier@Elektroschaltanlagen_Grimma_GmbH.de	0.023809523809523808	0.047619047619047616	0.008294460358853372	0.0062740507803168725	0.005826583993770234	2.409146042029768E-5	2.172223677503127E-6
Mockel@EnBW_Systeme_Infrastruktur_Support.de	 Mokcel@EnBW_Systeme_Infrastruktur_Support.de	0.022727272727272728	0.045454545454545456	0.002287612443531201	3.141891342629918E-4	2.8997213996033025E-5	3.229965188076691E-8	2.906976017138105E-9
Fedkte@Engel_&_V√∂lkers.de	 Fekdte@Engel_&_V√∂lkers.de	0.04	0.08	0.013934693402873666	0.010540405308698715	0.00869652237570705	2.2253104545171265E-5	2.004800012082031E-6
Billens@ERGO_Versicherung.de	 Billens@ERGO_Versicherung.de	0.0	0.0	0.0	0.0	0.0	0.0	0.0
B√ºltner@Ericsson_Telekommunikation.de	 B√ºtlner@Ericsson_Telekommunikation.de	0.02702702702702703	0.05405405405405406	0.009415333380320044	0.007121890981466809	0.004911825813203538	9.640316781143308E-6	8.681878934087547E-7
Lifka@Ericsson_Telekommunikation.de	 Likfa@Ericsson_Telekommunikation.de	0.02857142857142857	0.05714285714285714	0.0028931569138776953	3.9735684627378377E-4	3.667294711263E-5	4.084955973155815E-8	3.676469668733486E-9
Amberg@Ericsson_Telekommunikation.de	 Amebrg@Ericsson_Telekommunikation.de	0.027777777777777776	0.05555555555555555	0.002810495287766904	3.860037935231042E-4	3.562514862369771E-5	3.9682429453513635E-8	3.5714276781982434E-9
Witting@Ericsson_Telekommunikation.de	 Witting@Ericsson_Telekommunikation.de	0.0	0.0	0.0	0.0	0.0	0.0	0.0
Fornhoff@Ericsson_Telekommunikation.de	 Fonrhoff@Ericsson_Telekommunikation.de	0.02631578947368421	0.05263157894736842	0.009167561449108349	0.006502052647873053	0.001462388043193747	1.8272415344637801E-6	1.6447170889768554E-7
Alchimov@Ericsson_Telekommunikation.de	 Alhcimov@Ericsson_Telekommunikation.de	0.02631578947368421	0.05263157894736842	0.00916756144925899	0.006861391674703897	0.0022237546707160744	2.9964099033502903E-6	2.6973144579585455E-7
Adler@Ericsson_Telekommunikation.de	 Adelr@Ericsson_Telekommunikation.de	0.02857142857142857	0.05714285714285714	0.009953352430624047	0.007528727618743721	0.004497688728256558	7.813227175902857E-6	7.035371287988923E-7
Sievers@eSailors_IT_Solutions_GmbH.de	 Siveers@eSailors_IT_Solutions_GmbH.de	0.02702702702702703	0.05405405405405406	0.005317153247126576	7.302774472058729E-4	6.739892982861731E-5	7.507486653367445E-8	6.756755066861543E-9
Benfeldt@Euler_Hermes_Kreditversicherungs-AG.de	 Befneldt@Euler_Hermes_Kreditversicherungs-AG.de	0.02127659574468085	0.0425531914893617	0.007412070958975354	0.005606598569644865	0.00533404271111242	3.610641354836605E-5	3.259640744900537E-6
Hessberger@Faurecia_-_GIS_-_IT_Infrastruc.de	 Hessberger@Faurecia_-_GIS_-_IT_Infrastruc.de	0.0	0.0	0.0	0.0	0.0	0.0	0.0
Bork@Festo_AG_&_Co.KG.de	 Bokr@Festo_AG_&_Co.KG.de	0.041666666666666664	0.08333333333333333	0.004276840655297463	5.873970771003759E-4	5.4212182688235655E-5	6.038630569012944E-8	5.43478124943211E-9
Gebhardt@FH_Aachen.de	 Gehbardt@FH_Aachen.de	0.047619047619047616	0.09523809523809523	0.004918366753592082	6.755066386654324E-4	6.2344010091471E-5	6.944425154364886E-8	6.249998436846927E-9
Schlingloff@FhG-FIRST.de	 Sclhingloff@FhG-FIRST.de	0.041666666666666664	0.08333333333333333	0.014515305627993401	0.010939318864101684	0.004150592303069627	5.843300034014583E-6	5.260286447481461E-7
Taphorn@Finanzinformatik_Hannover.de	 Tahporn@Finanzinformatik_Hannover.de	0.027777777777777776	0.05555555555555555	0.002810495287766904	3.860037935231042E-4	3.562514862369771E-5	3.9682429453513635E-8	3.5714276781982434E-9
Heidemann@Finanzinformatik_Hannover.de	 Hediemann@Finanzinformatik_Hannover.de	0.02631578947368421	0.05263157894736842	0.009167561449258907	0.006746546252030816	0.0018344637087738607	2.375315087456493E-6	2.138124202659335E-7
Fladrich@Fladrich_Consulting.de	 Fldarich@Fladrich_Consulting.de	0.03225806451612903	0.06451612903225806	0.011237655970059305	0.008269959921844226	0.002248697449464733	2.9116765588176366E-6	2.6209264419695077E-7
von Stackelberg@Fortify_ASC.de	 vo nStackelberg@Fortify_ASC.de	0.03333333333333333	0.06666666666666667	0.0033919770714428152	4.658666473554706E-4	4.299586902860069E-5	4.789258727148197E-8	4.310343749549604E-9
Bustani@Four.In.One_Network.de	 Butsani@Four.In.One_Network.de	0.03333333333333333	0.06666666666666667	0.0033919770714428152	4.658666473554706E-4	4.299586902860069E-5	4.789258727148197E-8	4.310343749549604E-9
Meyer@Fox_Mobile_Group.de	 Meeyr@Fox_Mobile_Group.de	0.04	0.08	0.004098638961326735	5.629221988878603E-4	5.19533417428925E-5	5.787020961970738E-8	5.208332030705772E-9
Grundmann@Fox_Mobile_Group.de	 Grnudmann@Fox_Mobile_Group.de	0.034482758620689655	0.06896551724137931	0.01201266672661523	0.009086556302330493	0.007713249961231314	2.114273051417104E-5	1.9049628580747707E-6
Nicklisch@Fox_Mobile_Group.de	 Nikclisch@Fox_Mobile_Group.de	0.034482758620689655	0.06896551724137931	0.012009774807409172	0.005542484832638337	7.05785986385189E-4	8.141420561392048E-7	7.327558512928893E-8
Shi@FP_InovoLabs_GmbH.de	 Sh@iFP_InovoLabs_GmbH.de	0.041666666666666664	0.08333333333333333	0.004276840655297463	5.873970771003759E-4	5.4212182688235655E-5	6.038630569012944E-8	5.43478124943211E-9
Bleumer@Francotyp-Postalia_GmbH.de	 Bluemer@Francotyp-Postalia_GmbH.de	0.029411764705882353	0.058823529411764705	0.009250985713608485	0.0018625230012972538	1.822709375041355E-4	2.0424643701414978E-7	1.8382337315724166E-8
Gro√ümann@Fraunhofer_FOKUS.de	 Gr√üomann@Fraunhofer_FOKUS.de	0.03571428571428571	0.07142857142857142	0.012441690538280058	0.009408080968440464	0.00462710057899416	7.189603798569382E-6	6.472982851529752E-7
Burghardt@Fraunhofer_Institut_First.de	 Bugrhardt@Fraunhofer_Institut_First.de	0.02631578947368421	0.05263157894736842	0.009094475945717922	0.0029441438906618496	3.2230288798827444E-4	3.6548875094977756E-7	3.289466940795857E-8
Fischer@Fresenius_Netcare_GmbH.de	 Ficsher@Fresenius_Netcare_GmbH.de	0.030303030303030304	0.06060606060606061	0.010556585911267832	0.007768750229611244	0.0021124127555577792	2.735211312828689E-6	2.462082415183477E-7
Freund@FREUND-IT.de	 Fruend@FREUND-IT.de	0.05263157894736842	0.10526315789473684	0.01833512289851798	0.013868905321579769	0.008951777019065367	1.6510192309770728E-5	1.4867588419374908E-6
Binderbauer@G_&_H_Bankensoftware_AG.de	 Bidnerbauer@G_&_H_Bankensoftware_AG.de	0.02631578947368421	0.05263157894736842	0.00916756144925899	0.006934476477891582	0.005060798975338514	1.0590940005814065E-5	9.538786858735056E-7
Bleil@G_&_H_Bankensoftware_AG.de	 Bliel@G_&_H_Bankensoftware_AG.de	0.03125	0.0625	0.010886479220995051	0.008234038146453163	0.004495548145285771	7.375029771465244E-6	6.640346082069717E-7
Hertlein@G_&_H_Bankensoftware_AG.de	 Hetrlein@G_&_H_Bankensoftware_AG.de	0.02857142857142857	0.05714285714285714	0.009953352430624047	0.007528860936380157	0.006777519699808456	2.286029283636145E-5	2.0604180846856793E-6
Franz@G._Muth_Partners_GmbH.de	 Frnaz@G._Muth_Partners_GmbH.de	0.03333333333333333	0.06666666666666667	0.011612244502394722	0.008780875570544433	0.0043186272070612165	6.710296878664756E-6	6.041450661427768E-7
G√ºnther@GABO_mbH_&_Co._KG.de	 G√ºtnher@GABO_mbH_&_Co._KG.de	0.03571428571428571	0.07142857142857142	0.003643234632290431	5.003752879003203E-4	4.6180748215904444E-5	5.144018632862878E-8	4.6296284717384634E-9
Heine@GAI_NetConsult_GmbH.de	 Henie@GAI_NetConsult_GmbH.de	0.03571428571428571	0.07142857142857142	0.003643234632290431	5.003752879003203E-4	4.6180748215904444E-5	5.144018632862878E-8	4.6296284717384634E-9
Netzband@GISA_GmbH.de	 Neztband@GISA_GmbH.de	0.047619047619047616	0.09523809523809523	0.004918366753592082	6.755066386654324E-4	6.2344010091471E-5	6.944425154364886E-8	6.249998436846927E-9
Kohler@Google_Enterprise_EMEA.de	 Kolher@Google_Enterprise_EMEA.de	0.03125	0.0625	0.0031731398410271496	4.358107346228596E-4	4.022194199449742E-5	4.480274293138636E-8	4.032257056030275E-9
Cichonczyk@ewocon_Advisory_GmbH.de	 Cihconczyk@ewocon_Advisory_GmbH.de	0.029411764705882353	0.058823529411764705	0.010164414292272973	0.003290513760151479	3.602208748104244E-4	4.0848742753210436E-7	3.676463051477723E-8
Mollin@ewocon_Advisory_GmbH.de	 Mollin@ewocon_Advisory_GmbH.de	0.0	0.0	0.0	0.0	0.0	0.0	0.0
Hasse@GS_Software_AG.de	 Hasse@GS_Software_AG.de	0.0	0.0	0.0	0.0	0.0	0.0	0.0
N√ºmann@H&D_International_Group.de	 N√ºamnn@H&D_International_Group.de	0.030303030303030304	0.06060606060606061	0.0030739792209950514	4.2219164916589523E-4	3.896500630716938E-5	4.340265721478054E-8	3.906249023029329E-9
Tabert@H&T_Greenline_GmbH.de	 Taebrt@H&T_Greenline_GmbH.de	0.03571428571428571	0.07142857142857142	0.012441690538280058	0.009411076168480996	0.0077647521211670085	1.9868843343902915E-5	1.7900000107875275E-6
Panckow@Hamburger_Pensionsverwaltung_eG.de	 Pacnkow@Hamburger_Pensionsverwaltung_eG.de	0.023809523809523808	0.047619047619047616	0.008294460358853372	0.006274050146663812	0.00457881812054437	9.582279052879392E-6	8.630330967426957E-7
B√∂hlen@Haufe-Lexware_Real_Estate_AG.de	 B√∂lhen@Haufe-Lexware_Real_Estate_AG.de	0.02631578947368421	0.05263157894736842	0.002658576623563288	3.6513872360293645E-4	3.3699464914308654E-5	3.7537433266837225E-8	3.3783775334307713E-9
Meurer@Haufe-Lexware_Real_Estate_AG.de	 Meruer@Haufe-Lexware_Real_Estate_AG.de	0.02631578947368421	0.05263157894736842	0.009167561349061755	0.0060441134727409335	0.0011165612460266163	1.3522075095838634E-6	1.2170945971013452E-7
Alsbih@Haufe-Lexware_GmbH_&_Co._KG.de	 Albsih@Haufe-Lexware_GmbH_&_Co._KG.de	0.02702702702702703	0.05405405405405406	0.0027324259742178233	3.7528146592524016E-4	3.463556116192833E-5	3.858013974647159E-8	3.4722213538038478E-9
Paulsen@Haufe-Lexware_GmbH_&_Co._KG.de	 Palusen@Haufe-Lexware_GmbH_&_Co._KG.de	0.02631578947368421	0.05263157894736842	0.009167561449108349	0.006502052647873053	0.001462388043193747	1.8272415344637801E-6	1.6447170889768554E-7
Gebhardt@Haufe-Lexware_GmbH_&_Co._KG.de	 Gehbardt@Haufe-Lexware_GmbH_&_Co._KG.de	0.02564102564102564	0.05128205128205128	0.008932495771072862	0.006756670071097014	0.005872217329153406	1.7248926956881246E-5	1.5542994886978511E-6
Spiegel@Haufe-Lexware_GmbH_&_Co._KG.de	 Speigel@Haufe-Lexware_GmbH_&_Co._KG.de	0.02631578947368421	0.05263157894736842	0.002658576623563288	3.6513872360293645E-4	3.3699464914308654E-5	3.7537433266837225E-8	3.3783775334307713E-9
Krebs@Haufe-Lexware_GmbH_&_Co._KG.de	 Krbes@Haufe-Lexware_GmbH_&_Co._KG.de	0.027777777777777776	0.05555555555555555	0.009676870418503257	0.006863277794977112	0.0015436318233711772	1.928754953045101E-6	1.7360902605866806E-7
Lobreyer@Haufe-Lexware_GmbH_&_Co._KG.de	 Lorbeyer@Haufe-Lexware_GmbH_&_Co._KG.de	0.02564102564102564	0.05128205128205128	0.008932495771072862	0.006756670071097014	0.005872217329153406	1.7248926956881246E-5	1.5542994886978511E-6
Bock@Haufe-Lexware_GmbH_&_Co._KG.de	 Bokc@Haufe-Lexware_GmbH_&_Co._KG.de	0.02857142857142857	0.05714285714285714	0.0028931569138776953	3.9735684627378377E-4	3.667294711263E-5	4.084955973155815E-8	3.676469668733486E-9
Kienzler@Haufe-Lexware_GmbH_&_Co._KG.de	 Kinezler@Haufe-Lexware_GmbH_&_Co._KG.de	0.02564102564102564	0.05128205128205128	0.00886128425480208	0.00286865302167052	3.140387113731905E-4	3.5611724451516787E-7	3.2051216346216045E-8
Riesterer@Haufe-Lexware_GmbH_&_Co._KG.de	 Riseterer@Haufe-Lexware_GmbH_&_Co._KG.de	0.025	0.05	0.007863337856567213	0.001583144551102666	1.549302968785152E-4	1.7360947146202732E-7	1.562498671836554E-8
Rymku√ü@Haufe-Lexware_GmbH_&_Co._KG.de	 Rykmu√ü@Haufe-Lexware_GmbH_&_Co._KG.de	0.02702702702702703	0.05405405405405406	0.009415333380320044	0.007121895467185588	0.005679142325879479	1.3575008871197975E-5	1.2228629103382015E-6
Banach@HDI-Gerling_Sach_Serviceholding_AG.de	 Baanch@HDI-Gerling_Sach_Serviceholding_AG.de	0.022727272727272728	0.045454545454545456	0.007917439433450947	0.005988391379238664	0.0032694895602078332	5.363658015611087E-6	4.829342605141613E-7
Wille@HDI-Gerling_Sach_Serviceholding_AG.de	 Wille@HDI-Gerling_Sach_Serviceholding_AG.de	0.0	0.0	0.0	0.0	0.0	0.0	0.0
Volkmer@Heidelberger_Lebensversicherung_AG.de	 Voklmer@Heidelberger_Lebensversicherung_AG.de	0.022222222222222223	0.044444444444444446	0.007741496334929814	0.005834303394187565	0.0022136492283038015	3.116426684807778E-6	2.8054861053234464E-7
Panzer@Heidelberger_Lebensversicherung_AG.de	 Pazner@Heidelberger_Lebensversicherung_AG.de	0.022727272727272728	0.045454545454545456	0.007917439433450947	0.0059888666538087335	0.005083732928993366	1.3934981475249097E-5	1.2555437019129172E-6
Philipp@Heidelberger_Lebensversicherung_AG.de	 Phliipp@Heidelberger_Lebensversicherung_AG.de	0.022222222222222223	0.044444444444444446	0.004371881558748517	6.004503454803843E-4	5.541689785908534E-5	6.172822359435455E-8	5.555554166086157E-9
Br√ºwer@Hellmann_Worldwide_Logistics.de	 Brw√ºer@Hellmann_Worldwide_Logistics.de	0.02631578947368421	0.05263157894736842	0.002658576623563288	3.6513872360293645E-4	3.3699464914308654E-5	3.7537433266837225E-8	3.3783775334307713E-9
Hinrichs@Hellmann_Worldwide_Logistics.de	 Hirnichs@Hellmann_Worldwide_Logistics.de	0.025	0.05	0.008709183376796041	0.0065856566779083255	0.003238970405295912	5.032722658998568E-6	4.5310879960708264E-7
Ortner@Hewlett-Packard_Ges.m.b.H..de	 Ornter@Hewlett-Packard_Ges.m.b.H..de	0.027777777777777776	0.05555555555555555	0.009676870418662267	0.007242580101076335	0.0023472965968669673	3.162877120203084E-6	2.847165261178465E-7
Korpitsch@Hewlett-Packard_Ltd..de	 Kopritsch@Hewlett-Packard_Ltd..de	0.030303030303030304	0.06060606060606061	0.01055658591126793	0.007985155536892967	0.006588274527050795	1.6858412534220655E-5	1.5187878879409324E-6
Eitel@Hewlett-Packard_Ltd..de	 Eietl@Hewlett-Packard_Ltd..de	0.034482758620689655	0.06896551724137931	0.01201266672661512	0.00884030198541969	0.0024037800321864383	3.1124818387360943E-6	2.801679989691543E-7
P√ºst@HHLA_Hamburger_Hafen_und_Logistik_AG.de	 P√ºts@HHLA_Hamburger_Hafen_und_Logistik_AG.de	0.022727272727272728	0.045454545454545456	0.007917439433450947	0.0059888666539388334	0.005663629657914453	3.0285328925893313E-5	2.7322987399850094E-6
Kazakova-Frehse@HHLA_Hamburger_Hafen_und_Logistik_AG.de	 Kaazkova-Frehse@HHLA_Hamburger_Hafen_und_Logistik_AG.de	0.01818181818181818	0.03636363636363636	0.0018216173161452155	2.5018764395016014E-4	2.3090374107952222E-5	2.572009316431439E-8	2.3148142358692317E-9
Meyer@HHLA_Hamburger_Hafen_und_Logistik_AG.de	 Meeyr@HHLA_Hamburger_Hafen_und_Logistik_AG.de	0.022222222222222223	0.044444444444444446	0.0022356212516327647	3.070484721206511E-4	2.833818640521409E-5	3.156556888347675E-8	2.8409083803849666E-9
Haug@HOTEL_RESERVATION_SERVICE.de	 Hagu@HOTEL_RESERVATION_SERVICE.de	0.030303030303030304	0.06060606060606061	0.0030739792209950514	4.2219164916589523E-4	3.896500630716938E-5	4.340265721478054E-8	3.906249023029329E-9
Behrschmidt@HOTEL_RESERVATION_SERVICE.de	 Berhschmidt@HOTEL_RESERVATION_SERVICE.de	0.025	0.05	0.008639752148432028	0.0027969366961287574	3.0618774358886076E-4	3.4721431340228874E-7	3.124993593756065E-8
Haelsig@HOTEL_RESERVATION_SERVICE.de	 Halesig@HOTEL_RESERVATION_SERVICE.de	0.027777777777777776	0.05555555555555555	0.009676870418662267	0.007319725910369684	0.006937579846613275	3.9432592655396714E-5	3.558117710012218E-6
Kr√ºger@Hypoport_AG.de	 Krg√ºer@Hypoport_AG.de	0.047619047619047616	0.09523809523809523	0.004918366753592082	6.755066386654324E-4	6.2344010091471E-5	6.944425154364886E-8	6.249998436846927E-9
Mosch@UniCredit.de	 Mocsh@UniCredit.de	0.05555555555555555	0.1111111111111111	0.005786313827755391	7.947136925475675E-4	7.334589422526E-5	8.16991194631163E-8	7.352939337466972E-9
Rueffler@ib-bank-systems_GmbH.de	 Rufefler@ib-bank-systems_GmbH.de	0.03125	0.0625	0.010799690185540034	0.0034961708701609466	3.8273467948607594E-4	4.340178917528609E-7	3.906241992195081E-8
Thorenz@IDC_Central_Europe_GmbH.de	 Throenz@IDC_Central_Europe_GmbH.de	0.029411764705882353	0.058823529411764705	0.010246098090348283	0.007750298021101996	0.006394501746843419	1.636257687144946E-5	1.4741176559426697E-6
Turk@Immobilien_Scout_GmbH.de	 Tukr@Immobilien_Scout_GmbH.de	0.034482758620689655	0.06896551724137931	0.00351311910970863	4.8250474190388026E-4	4.453143577962214E-5	4.960303681689204E-8	4.464284597747804E-9
Saller@Infineon_Technologies_AG.de	 Saller@Infineon_Technologies_AG.de	0.0	0.0	0.0	0.0	0.0	0.0	0.0
Cornu@Immobilien_Scout_GmbH.de	 Conru@Immobilien_Scout_GmbH.de	0.03333333333333333	0.06666666666666667	0.0033919770714428152	4.658666473554706E-4	4.299586902860069E-5	4.789258727148197E-8	4.310343749549604E-9
Koch@Immobilien_Scout_GmbH.de	 Kohc@Immobilien_Scout_GmbH.de	0.034482758620689655	0.06896551724137931	0.01201266672661523	0.009086395401932077	0.005428245016861363	9.429756936434483E-6	8.490965347572837E-7
J√§hn@Immobilien_Scout_GmbH.de	 J√§nh@Immobilien_Scout_GmbH.de	0.034482758620689655	0.06896551724137931	0.00351311910970863	4.8250474190388026E-4	4.453143577962214E-5	4.960303681689204E-8	4.464284597747804E-9
Wasik@Immobilien_Scout_GmbH.de	 Waisk@Immobilien_Scout_GmbH.de	0.03333333333333333	0.06666666666666667	0.0033919770714428152	4.658666473554706E-4	4.299586902860069E-5	4.789258727148197E-8	4.310343749549604E-9
Weiss@Immobilien_Scout_GmbH.de	 Wesis@Immobilien_Scout_GmbH.de	0.03333333333333333	0.06666666666666667	0.011612244502394616	0.008545625252572367	0.002323654031113557	3.0087324441115577E-6	2.7082906567018247E-7
Paulutz@Informations_Technology_Engineering.de	 Paluutz@Informations_Technology_Engineering.de	0.021739130434782608	0.043478260869565216	0.004276840655297463	5.873970771003759E-4	5.4212182688235655E-5	6.038630569012944E-8	5.43478124943211E-9
Amberg@ING-DiBa_AG.de	 Amebrg@ING-DiBa_AG.de	0.047619047619047616	0.09523809523809523	0.004918366753592082	6.755066386654324E-4	6.2344010091471E-5	6.944425154364886E-8	6.249998436846927E-9
Markovic@ING-DiBa_AG.de	 Makrovic@ING-DiBa_AG.de	0.043478260869565216	0.08695652173913043	0.004471242503265529	6.140969442413022E-4	5.667637281042818E-5	6.31311377669535E-8	5.681816760769933E-9
Lingenfelder@ING-DiBa_AG.de	 Lignenfelder@ING-DiBa_AG.de	0.037037037037037035	0.07407407407407407	0.01164938941713661	0.002345399334966912	2.295263657459484E-4	2.571992169807812E-7	2.3148128471652652E-8
Edler@InMediasP_GmbH.de	 Edelr@InMediasP_GmbH.de	0.043478260869565216	0.08695652173913043	0.004471242503265529	6.140969442413022E-4	5.667637281042818E-5	6.31311377669535E-8	5.681816760769933E-9
Koch@InMediasP_GmbH.de	 Kohc@InMediasP_GmbH.de	0.045454545454545456	0.09090909090909091	0.00468415881294484	6.433396558718403E-4	5.937524770616286E-5	6.613738242252272E-8	5.9523794636637394E-9
Baumann@ins_Consulting_GmbH.de	 Bamuann@ins_Consulting_GmbH.de	0.03333333333333333	0.06666666666666667	0.011612244502394722	0.008782974022883373	0.004795251354971488	7.86669842289626E-6	7.083035820874365E-7
Beushausen@InterComponentWare_AG.de	 Besuhausen@InterComponentWare_AG.de	0.02857142857142857	0.05714285714285714	0.009874002455350887	0.0031964990812900084	3.4992884981584085E-4	3.968163581740442E-7	3.571421250006931E-8
Barkowski@internetcrew.de	 Bakrowski@internetcrew.de	0.04	0.08	0.013934693402873666	0.010528366710984062	0.004589130941676083	6.775518716067852E-6	6.099816978688555E-7
Wrba@Intland_Software.de	 Wrab@Intland_Software.de	0.041666666666666664	0.08333333333333333	0.004276840655297463	5.873970771003759E-4	5.4212182688235655E-5	6.038630569012944E-8	5.43478124943211E-9
Heller@ipcas_GmbH.de	 Heller@ipcas_GmbH.de	0.0	0.0	0.0	0.0	0.0	0.0	0.0
Marschner@ISD_-_Industrie_Service_f√ºr.de	 Masrchner@ISD_-_Industrie_Service_f√ºr.de	0.025	0.05	0.008709160085213717	0.005029302014474615	7.655663638920139E-4	9.027174024824059E-7	8.12495109393796E-8
Schmidt@ista_Deutschland_GmbH.de	 Scmhidt@ista_Deutschland_GmbH.de	0.03125	0.0625	0.010886479220995051	0.008234686447320998	0.005679298596516591	1.114661627819695E-5	1.0038422517538725E-6
Gl√∂ckner@IT_Management_Gl√∂ckner.de	 Glc√∂kner@IT_Management_Gl√∂ckner.de	0.029411764705882353	0.058823529411764705	0.010246098090348283	0.007750298022728928	0.006735778701087731	1.9785533862304957E-5	1.7828729429181234E-6
Simon@IVV_GmbH.de	 Siomn@IVV_GmbH.de	0.058823529411764705	0.11764705882352941	0.020492196180696382	0.015080515151598296	0.004100565937259219	5.309527842549808E-6	4.77933645300322E-7
H√ºbener@Junghans_Wollversand_GmbH_&_Co._KG.de	 H√ºebner@Junghans_Wollversand_GmbH_&_Co._KG.de	0.022222222222222223	0.044444444444444446	0.007741496334929814	0.005855780728295748	0.005473035700349707	2.417577455577728E-5	2.1801287661851437E-6
Wengenmayr@Kabel_Deutschland_GmbH.de	 Wegnenmayr@Kabel_Deutschland_GmbH.de	0.027777777777777776	0.05555555555555555	0.008737042062852458	0.0017590495012251841	1.721447743094613E-4	1.928994127355859E-7	1.7361096353739488E-8
Grunwald@Karl_Keppler_Maschinenbau_GmbH.de	 Grnuwald@Karl_Keppler_Maschinenbau_GmbH.de	0.023809523809523808	0.047619047619047616	0.008294460358853372	0.0062740507803168725	0.005915943596839735	2.972069254429269E-5	2.680945030123214E-6
Wendtlandt@KION_Information_Management_Services.de	 Wedntlandt@KION_Information_Management_Services.de	0.02	0.04	0.0069656693882973195	0.003214641202930236	4.0935587210340964E-4	4.7220239256073883E-7	4.249983937498758E-8
Steinbruegge@KION_Information_Management_Services.de	 Stienbruegge@KION_Information_Management_Services.de	0.019230769230769232	0.038461538461538464	0.006699353911702859	0.0038686938572881657	5.888972029938569E-4	6.943980019095429E-7	6.249962379952277E-8
den Haan@KLM.de	 de nHaan@KLM.de	0.06666666666666667	0.13333333333333333	0.023218897960991067	0.010715470676434118	0.001364519573678032	1.5740079752024626E-6	1.416661312499586E-7
Schwarz@Kreditanstalt_f√ºr_Wiederaufbau.de	 Scwharz@Kreditanstalt_f√ºr_Wiederaufbau.de	0.024390243902439025	0.04878048780487805	0.002459183376796041	3.377533193327162E-4	3.11720050457355E-5	3.472212577182443E-8	3.1249992184234633E-9
He√üler@Kreditwerk_Schw√§bisch_Hall_AG.de	 Hel√üer@Kreditwerk_Schw√§bisch_Hall_AG.de	0.02564102564102564	0.05128205128205128	0.002588614080837938	3.5552980982391175E-4	3.2812636890247894E-5	3.654960607560466E-8	3.289472861498382E-9
Weiner@Kreditwerk_Schw√§bisch_Hall_AG.de	 Wenier@Kreditwerk_Schw√§bisch_Hall_AG.de	0.02564102564102564	0.05128205128205128	0.00893249577107278	0.006573557886594129	0.0017874261777796592	2.314409572393506E-6	2.0833005051552496E-7
Rattmann@K√ºhne_+_Nagel_(AG_&_Co.)_KG.de	 Rattmann@K√ºhne_+_Nagel_(AG_&_Co.)_KG.de	0.0	0.0	0.0	0.0	0.0	0.0	0.0
Gresch@K√ºhne_+_Nagel_(AG_&_Co.)_KG.de	 Grsech@K√ºhne_+_Nagel_(AG_&_Co.)_KG.de	0.02702702702702703	0.05405405405405406	0.00941533338031996	0.006928885339923542	0.0018840438090109923	2.439512792522885E-6	2.1959113432717498E-7
Sachse@K√ºhne_+_Nagel_(AG_&_Co.)_KG.de	 Sahcse@K√ºhne_+_Nagel_(AG_&_Co.)_KG.de	0.02702702702702703	0.05405405405405406	0.0027324259742178233	3.7528146592524016E-4	3.463556116192833E-5	3.858013974647159E-8	3.4722213538038478E-9
Fr√∂hling@K√ºhne_+_Nagel_(AG_&_Co.)_KG.de	 Frh√∂ling@K√ºhne_+_Nagel_(AG_&_Co.)_KG.de	0.02564102564102564	0.05128205128205128	0.002588614080837938	3.5552980982391175E-4	3.2812636890247894E-5	3.654960607560466E-8	3.289472861498382E-9
Finger@LABO_Berlin.de	 Figner@LABO_Berlin.de	0.047619047619047616	0.09523809523809523	0.016588920717706745	0.012547879364572868	0.007496147880427596	1.3022045293171428E-5	1.172561881331487E-6
Zurth@LABO_Berlin.de	 Zutrh@LABO_Berlin.de	0.05	0.1	0.017418366753592082	0.013127182636922023	0.004980710763683553	7.0119600408175E-6	6.312343736977755E-7
Bernd@LABO_Berlin.de	 Benrd@LABO_Berlin.de	0.05	0.1	0.017418366753592082	0.013127182636922023	0.004980710763683553	7.0119600408175E-6	6.312343736977755E-7
Kastl@Landesamt_f√ºr_Steuern_Bayern.de	 Katsl@Landesamt_f√ºr_Steuern_Bayern.de	0.02702702702702703	0.05405405405405406	0.00941533338031996	0.006928885339923542	0.0018840438090109923	2.439512792522885E-6	2.1959113432717498E-7
Gae√üler@Landesbank_Baden-W√ºrttemberg.de	 Ga√üeler@Landesbank_Baden-W√ºrttemberg.de	0.02564102564102564	0.05128205128205128	0.008064961904171499	0.0016237380011309393	1.589028685933489E-4	1.7806099637131006E-7	1.6025627403451836E-8
Jahn@Landesbank_Berlin.de	 Janh@Landesbank_Berlin.de	0.04	0.08	0.004098638961326735	5.629221988878603E-4	5.19533417428925E-5	5.787020961970738E-8	5.208332030705772E-9
Beermann@Landwirtschaftliche_Rentenbank.de	 Beremann@Landwirtschaftliche_Rentenbank.de	0.023809523809523808	0.047619047619047616	0.008294460358853372	0.006274050780316797	0.0056479330831737135	1.905024403030121E-5	1.7170150705713994E-6
Schulz@Lighthouse_Technologies.de	 Scuhlz@Lighthouse_Technologies.de	0.030303030303030304	0.06060606060606061	0.010556585911094464	0.007487212139975032	0.0016839619891321936	2.104096312412838E-6	1.8939166479127426E-7
Wirnharter@Linde_AG.de	 Winrharter@Linde_AG.de	0.045454545454545456	0.09090909090909091	0.015708640269876412	0.005085339447506831	5.567049883433833E-4	6.31298751640525E-7	5.681806534101936E-8
Spring@Loyal_Team_-_F√ºr_verl√§ssliche_Software..de	 Spirng@Loyal_Team_-_F√ºr_verl√§ssliche_Software..de	0.02040816326530612	0.04081632653061224	0.0071095374504457475	0.005377757801752382	0.004288331960357973	1.0250516902741327E-5	9.233862792349683E-7
Breuer@LUNAR_GmbH_-_GB_EITEG.de	 Brueer@LUNAR_GmbH_-_GB_EITEG.de	0.03225806451612903	0.06451612903225806	0.006346279682054299	8.716214692457192E-4	8.044388398899484E-5	8.960548586277272E-8	8.06451411206055E-9
Hansen@LUNAR_GmbH_-_GB_EITEG.de	 Hasnen@LUNAR_GmbH_-_GB_EITEG.de	0.03225806451612903	0.06451612903225806	0.010146242395570597	0.0020427671627131173	1.9991006048840666E-4	2.2401222124132558E-7	2.0161273184987796E-8
Gudd@Marquard_&_Bahls_AG.de	 Gudd@Marquard_&_Bahls_AG.de	0.0	0.0	0.0	0.0	0.0	0.0	0.0
Frikin@Marquard_&_Bahls_AG.de	 Frkiin@Marquard_&_Bahls_AG.de	0.034482758620689655	0.06896551724137931	0.0067839541428856304	9.317332947109412E-4	8.599173805720138E-5	9.578517454296394E-8	8.620687499099208E-9
B√ºssow@Matrix42_AG.de	 B√ºssow@Matrix42_AG.de	0.0	0.0	0.0	0.0	0.0	0.0	0.0
Wilcken@MCM_Klosterfrau_Vertriebsges._mbH.de	 Wiclken@MCM_Klosterfrau_Vertriebsges._mbH.de	0.022727272727272728	0.045454545454545456	0.007917439433450947	0.005966901198600919	0.002263959438037979	3.1872545640079544E-6	2.869247153171707E-7
Steppich@MCS_Labordatensysteme_GmbH_&_Co._KG.de	 Stpepich@MCS_Labordatensysteme_GmbH_&_Co._KG.de	0.02127659574468085	0.0425531914893617	0.007412070958975354	0.005606598488634334	0.0042930256474665055	9.595406977054252E-6	8.642919073593429E-7
K√∂lle@Medien-_und_Datentechnik.de	 K√∂lle@Medien-_und_Datentechnik.de	0.0	0.0	0.0	0.0	0.0	0.0	0.0
H√∂nicke@Mentaltec¬Æ_Ltd..de	 H√∂incke@Mentaltec¬Æ_Ltd..de	0.038461538461538464	0.07692307692307693	0.013398743656389126	0.009503000023814464	0.0021373363708216304	2.670583781139371E-6	2.4038172838892503E-7
Kirchner@Merck_KGaA.de	 Kicrhner@Merck_KGaA.de	0.045454545454545456	0.09090909090909091	0.015831066791584816	0.007306002733932354	9.303542547804764E-4	1.073187255819861E-6	9.659054403406268E-8
Roth@Merck_KGaA.de	 Roht@Merck_KGaA.de	0.05555555555555555	0.1111111111111111	0.005786313827755391	7.947136925475675E-4	7.334589422526E-5	8.16991194631163E-8	7.352939337466972E-9
Zeller@Messe_M√ºnchen_GmbH.de	 Zeller@Messe_M√ºnchen_GmbH.de	0.0	0.0	0.0	0.0	0.0	0.0	0.0
Morgenstern@Metro_AG.de	 Mogrenstern@Metro_AG.de	0.043478260869565216	0.08695652173913043	0.015146405707145509	0.009985926607137194	0.0018447533630004964	2.2340819723559484E-6	2.0108519430370053E-7
Wintergr√ºn@Metro_AG.de	 Witnergr√ºn@Metro_AG.de	0.045454545454545456	0.09090909090909091	0.015834878693833942	0.010439832362007068	0.0019286057885914282	2.3356311529175824E-6	2.102254304084142E-7
Hamacher@Metro_AG.de	 Haamcher@Metro_AG.de	0.05	0.1	0.005177228161675876	7.110596196478235E-4	6.562527378049579E-5	7.309921215120932E-8	6.578945722996764E-9
Gianonatti@Metro_AG.de	 Ginaonatti@Metro_AG.de	0.045454545454545456	0.09090909090909091	0.015708640269876412	0.005085339447506831	5.567049883433833E-4	6.31298751640525E-7	5.681806534101936E-8
Houben@Metro_AG.de	 Hobuen@Metro_AG.de	0.05555555555555555	0.1111111111111111	0.005786313827755391	7.947136925475675E-4	7.334589422526E-5	8.16991194631163E-8	7.352939337466972E-9
Hagen Drechsler@MGI_METRO_Group_Information.de	 Haegn Drechsler@MGI_METRO_Group_Information.de	0.021739130434782608	0.043478260869565216	0.0021859407793742586	3.0022517274019215E-4	2.770844892954267E-5	3.086411179717727E-8	2.7777770830430785E-9
Hilse@MGID_mbH.de	 Hisle@MGID_mbH.de	0.058823529411764705	0.11764705882352941	0.006147958441990103	8.443832983317905E-4	7.793001261433875E-5	8.680531442956108E-8	7.812498046058658E-9
Burg@MGS_METRO_Group_Solutions.de	 Bugr@MGS_METRO_Group_Solutions.de	0.030303030303030304	0.06060606060606061	0.01055658591126793	0.007984521838984885	0.004359319413610444	7.151544020814782E-6	6.43912347352215E-7
Schiffer@Michael_Bailey_Associates_GMBH.de	 Scihffer@Michael_Bailey_Associates_GMBH.de	0.023809523809523808	0.047619047619047616	0.008294460358853372	0.006207925800922573	0.0020119685116002576	2.7110375316026435E-6	2.4404273667243985E-7
M√ºller@microTOOL_GmbH.de	 M√ºller@microTOOL_GmbH.de	0.0	0.0	0.0	0.0	0.0	0.0	0.0
Seidler@microTOOL_GmbH.de	 Sediler@microTOOL_GmbH.de	0.04	0.08	0.013934693250573869	0.009187052478566219	0.0016971730939604568	2.0553554145674724E-6	1.849983787594045E-7
Leuschel@MID_GmbH.de	 Lesuchel@MID_GmbH.de	0.05	0.1	0.005177228161675876	7.110596196478235E-4	6.562527378049579E-5	7.309921215120932E-8	6.578945722996764E-9
F√∂rster@msg_systems_ag.de	 F√∂srter@msg_systems_ag.de	0.04	0.08	0.013823603437491243	0.004475098713806012	4.899003897421773E-4	5.555429014436619E-7	4.9999897500097035E-8
Kobras@Nash_Technologies_GmbH.de	 Korbas@Nash_Technologies_GmbH.de	0.03125	0.0625	0.010886479220995051	0.008234691649165796	0.007412912171665499	2.500344528977034E-5	2.253582280124962E-6
Arnold@Nash_Technologies_GmbH.de	 Aronld@Nash_Technologies_GmbH.de	0.03125	0.0625	0.010886479220995051	0.008234038146453163	0.004495548145285771	7.375029771465244E-6	6.640346082069717E-7
Bernhardt@nc_software_AG.de	 Benrhardt@nc_software_AG.de	0.037037037037037035	0.07407407407407407	0.012799632812491891	0.004143609920190751	4.536114719834974E-4	5.14391575410798E-7	4.629620138897873E-8
Track@ncc_solutions_GmbH.de	 Trcak@ncc_solutions_GmbH.de	0.037037037037037035	0.07407407407407407	0.0037833590412246786	5.196204912811019E-4	4.795693083959308E-5	5.341865503357605E-8	4.8076911052668665E-9
Barthel@Nemetschek_CREM_Solutions.de	 Batrhel@Nemetschek_CREM_Solutions.de	0.027777777777777776	0.05555555555555555	0.002810495287766904	3.860037935231042E-4	3.562514862369771E-5	3.9682429453513635E-8	3.5714276781982434E-9
Pak@Nemetschek_CREM_Solutions.de	 Pa@kNemetschek_CREM_Solutions.de	0.03125	0.0625	0.010886479220995051	0.008204489148076264	0.0031129442273022207	4.382475025510937E-6	3.9452148356110966E-7
Tutass@NETRADA_Management_GmbH.de	 Tuatss@NETRADA_Management_GmbH.de	0.030303030303030304	0.06060606060606061	0.01055658591126793	0.007985155538411646	0.006778310571991155	1.8579975300332126E-5	1.6740582692172228E-6
Steinbach@Citrix_Online_Germany_GmbH.de	 Stienbach@Citrix_Online_Germany_GmbH.de	0.02564102564102564	0.05128205128205128	0.008932495771072862	0.006756670058611967	0.005387904257885659	1.28788545701109E-5	1.1601519918593193E-6
Werner@No_Limit_IT_-_Services_Kiel_GbR.de	 Wenrer@No_Limit_IT_-_Services_Kiel_GbR.de	0.024390243902439025	0.04878048780487805	0.007671549128358256	0.0015445312693684544	1.511515091497709E-4	1.6937509410929495E-7	1.5243889481332234E-8
Wagner@Telefonica_Global_Service_GmbH.de	 Wanger@Telefonica_Global_Service_GmbH.de	0.025	0.05	0.002522239360816452	3.4641366085406787E-4	3.197128722639539E-5	3.5612436689050696E-8	3.205127403511244E-9
Wocheslander-Burgmair@Telefonica_Global_Service_GmbH.de	 Wohceslander-Burgmair@Telefonica_Global_Service_GmbH.de	0.01818181818181818	0.03636363636363636	0.0063339515467607565	0.004791093323151066	0.0044493914134245425	1.83971152300455E-5	1.658788990093297E-6
Heynck@OBI_Smart_Technologies_GmbH.de	 Henyck@OBI_Smart_Technologies_GmbH.de	0.02702702702702703	0.05405405405405406	0.0027324259742178233	3.7528146592524016E-4	3.463556116192833E-5	3.858013974647159E-8	3.4722213538038478E-9
Sch√ºtz@Osram_Opto_Semiconductors_GmbH.de	 Sc√ºhtz@Osram_Opto_Semiconductors_GmbH.de	0.025	0.05	0.002522239360816452	3.4641366085406787E-4	3.197128722639539E-5	3.5612436689050696E-8	3.205127403511244E-9
Greiner@Otto_(GmbH_&_Co_KG).de	 Griener@Otto_(GmbH_&_Co_KG).de	0.03333333333333333	0.06666666666666667	0.01048445047542295	0.002110859401470221	2.0657372917135355E-4	2.3147929528270309E-7	2.083331562448739E-8
Noedler@Otto_(GmbH_&_Co_KG).de	 Nodeler@Otto_(GmbH_&_Co_KG).de	0.03333333333333333	0.06666666666666667	0.01048445047542295	0.002110859401470221	2.0657372917135355E-4	2.3147929528270309E-7	2.083331562448739E-8
Malessa@Otto_(GmbH_&_Co_KG).de	 Maelssa@Otto_(GmbH_&_Co_KG).de	0.03333333333333333	0.06666666666666667	0.0033919770714428152	4.658666473554706E-4	4.299586902860069E-5	4.789258727148197E-8	4.310343749549604E-9
Berning@Otto_(GmbH_&_Co_KG).de	 Benring@Otto_(GmbH_&_Co_KG).de	0.03333333333333333	0.06666666666666667	0.0033919770714428152	4.658666473554706E-4	4.299586902860069E-5	4.789258727148197E-8	4.310343749549604E-9
Heuer@P3_communications_GmbH.de	 Heeur@P3_communications_GmbH.de	0.03225806451612903	0.06451612903225806	0.011237655970059407	0.008469150088336787	0.003213361783021647	4.523845187624193E-6	4.072479830308229E-7
El-Tahwagi@P3_communications_GmbH.de	 ElT-ahwagi@P3_communications_GmbH.de	0.027777777777777776	0.05555555555555555	0.002810495287766904	3.860037935231042E-4	3.562514862369771E-5	3.9682429453513635E-8	3.5714276781982434E-9
Schmidt@P3_communications_GmbH.de	 Scmhidt@P3_communications_GmbH.de	0.030303030303030304	0.06060606060606061	0.0030739792209950514	4.2219164916589523E-4	3.896500630716938E-5	4.340265721478054E-8	3.906249023029329E-9
Dienes@parcIT_GmbH.de	 Dinees@parcIT_GmbH.de	0.047619047619047616	0.09523809523809523	0.00936831762588968	0.0012866793117436806	1.1875049541232572E-4	1.3227476484504544E-7	1.1904758927327479E-8
Schmidt@parcIT_GmbH.de	 Scmhidt@parcIT_GmbH.de	0.045454545454545456	0.09090909090909091	0.00468415881294484	6.433396558718403E-4	5.937524770616286E-5	6.613738242252272E-8	5.9523794636637394E-9
Herhold@Parexel_GmbH.de	 Hehrold@Parexel_GmbH.de	0.043478260869565216	0.08695652173913043	0.01514640587243988	0.010742521766051132	0.002416119375711408	3.018920796070593E-6	2.7173586687443696E-7
Herdt@PASS_Consulting_Group.de	 Hedrt@PASS_Consulting_Group.de	0.03333333333333333	0.06666666666666667	0.011612244502394722	0.008783671090582262	0.007247101979755875	1.854425378764272E-5	1.6706666767350257E-6
Zeilinger@Apollo_-_Optik_Holding_GmbH_&_Co._KG.de	 Zeliinger@Apollo_-_Optik_Holding_GmbH_&_Co._KG.de	0.02040816326530612	0.04081632653061224	0.004014993268238434	5.514339907472917E-4	5.08930694624253E-5	5.6689184933590905E-8	5.102039540283205E-9
Kiesewetter@PHOENIX_TESTLAB_GmbH.de	 Kiseewetter@PHOENIX_TESTLAB_GmbH.de	0.02857142857142857	0.05714285714285714	0.005620990575533808	7.720075870462084E-4	7.125029724739542E-5	7.936485890702727E-8	7.142855356396487E-9
Fischer@Plath_GmbH.de	 Ficsher@Plath_GmbH.de	0.047619047619047616	0.09523809523809523	0.004918366753592082	6.755066386654324E-4	6.2344010091471E-5	6.944425154364886E-8	6.249998436846927E-9
Ruder@Polarion_Software_GmbH.de	 Ruedr@Polarion_Software_GmbH.de	0.03225806451612903	0.06451612903225806	0.011237655970059407	0.008500326863655117	0.007830161823167084	3.0274740458178132E-5	2.7293780992756045E-6
Ziemann@Porsche_AG.de	 Zimeann@Porsche_AG.de	0.047619047619047616	0.09523809523809523	0.016588920717706745	0.012533769894028646	0.005463251121042956	8.066093709604586E-6	7.261686879391136E-7
Vetter@Porsche_AG.de	 Vetter@Porsche_AG.de	0.0	0.0	0.0	0.0	0.0	0.0	0.0
T√∂we@PPI_AG_Informationstechnologie.de	 T√∂ew@PPI_AG_Informationstechnologie.de	0.02631578947368421	0.05263157894736842	0.002658576623563288	3.6513872360293645E-4	3.3699464914308654E-5	3.7537433266837225E-8	3.3783775334307713E-9
Sniadach@ppi_Media_GmbH.de	 Snaidach@ppi_Media_GmbH.de	0.038461538461538464	0.07692307692307693	0.013398743656609173	0.009860336829891195	0.002681139266669489	3.4716143585902593E-6	3.1249507577328745E-7
Herzfeld@Procter_&_Gamble_Service_GmbH.de	 Hezrfeld@Procter_&_Gamble_Service_GmbH.de	0.024390243902439025	0.04878048780487805	0.0084967642699053	0.006026292698028684	0.001355384040033229	1.6935409343810647E-6	1.5243719361248904E-7
Leber@Procter_&_Gamble_Service_GmbH.de	 Leebr@Procter_&_Gamble_Service_GmbH.de	0.02631578947368421	0.05263157894736842	0.00916756144925899	0.006934472797743997	0.004782567239171865	9.386624234271115E-6	8.453408435822084E-7
Frenzel@PROLOGA_GmbH.de	 Frnezel@PROLOGA_GmbH.de	0.043478260869565216	0.08695652173913043	0.013675370185334282	0.002753294871482897	2.6944399457133074E-4	3.0192951558613446E-7	2.717388994498355E-8
Roof@PSIPENTA_Software_Systems_GmbH.de	 Rofo@PSIPENTA_Software_Systems_GmbH.de	0.02631578947368421	0.05263157894736842	0.00916756144925899	0.00693227018727192	0.0034094425318904335	5.29760279894586E-6	4.769566311653501E-7
Andre@PTV_Planung_Transport_Verkehr_AG.de	 Anrde@PTV_Planung_Transport_Verkehr_AG.de	0.024390243902439025	0.04878048780487805	0.008496764270044919	0.0064270764091050895	0.006118620183707276	4.377864412384208E-5	3.952988373275656E-6
Hagemeyer@Pumacy_Technologies_AG.de	 Haegmeyer@Pumacy_Technologies_AG.de	0.02857142857142857	0.05714285714285714	0.009953352430624047	0.007528860936365245	0.006543327881056653	1.9220232894810532E-5	1.7319337159776055E-6
Fieber@qme_Software_GmbH.de	 Fibeer@qme_Software_GmbH.de	0.037037037037037035	0.07407407407407407	0.007286469264580862	0.0010007505758006406	9.236149643180889E-5	1.0288037265725756E-7	9.259256943476927E-9
Pinell@Rechenzentrum_der_Finanzverwaltung_NRW.de	 Pienll@Rechenzentrum_der_Finanzverwaltung_NRW.de	0.020833333333333332	0.041666666666666664	0.007257652813996701	0.005431935075807252	0.0017604724476502254	2.372157840152313E-6	2.1353739458838486E-7
Br√ºnder@RIB_Information_Technologies_AG.de	 Brn√ºder@RIB_Information_Technologies_AG.de	0.023809523809523808	0.047619047619047616	0.002399203294435162	3.295154334953329E-4	3.0411712239741954E-5	3.387524465543847E-8	3.0487797252911835E-9
Wenzel@RightNow_Technologies.de	 Weznel@RightNow_Technologies.de	0.03225806451612903	0.06451612903225806	0.011237655970059407	0.008500326005157424	0.00620356003428592	1.2982442587772079E-5	1.1692706471997813E-6
Robbin@Robbin_&_Wallusch_GmbH.de	 Robbin@Robbin_&_Wallusch_GmbH.de	0.0	0.0	0.0	0.0	0.0	0.0	0.0
Weiss@Roche_Diagnostics_GmbH.de	 Wesis@Roche_Diagnostics_GmbH.de	0.03225806451612903	0.06451612903225806	0.011237655970059407	0.008469150088336787	0.003213361783021647	4.523845187624193E-6	4.072479830308229E-7
Eickel@ROHDE_&_SCHWARZ_GmbH_&_Co._KG.de	 Eikcel@ROHDE_&_SCHWARZ_GmbH_&_Co._KG.de	0.02564102564102564	0.05128205128205128	0.002588614080837938	3.5552980982391175E-4	3.2812636890247894E-5	3.654960607560466E-8	3.289472861498382E-9
Wernsdorf@ROHDE_&_SCHWARZ_SIT_GmbH.de	 Wenrsdorf@ROHDE_&_SCHWARZ_SIT_GmbH.de	0.02702702702702703	0.05405405405405406	0.009413066740942324	0.004344109733689508	5.531836109505536E-4	6.381113412982957E-7	5.743221537160484E-8
Kopp@RWE_Supply_&_Trading_GmbH.de	 Kopp@RWE_Supply_&_Trading_GmbH.de	0.0	0.0	0.0	0.0	0.0	0.0	0.0
Hofmeier@SAG_Deutschland_GmbH.de	 Homfeier@SAG_Deutschland_GmbH.de	0.03125	0.0625	0.0031731398410271496	4.358107346228596E-4	4.022194199449742E-5	4.480274293138636E-8	4.032257056030275E-9
Jank@Samhammer_AG.de	 Jakn@Samhammer_AG.de	0.05	0.1	0.005177228161675876	7.110596196478235E-4	6.562527378049579E-5	7.309921215120932E-8	6.578945722996764E-9
Bergen@Sanofi~Aventis_Deutschland_GmbH.de	 Begren@Sanofi~Aventis_Deutschland_GmbH.de	0.024390243902439025	0.04878048780487805	0.002459183376796041	3.377533193327162E-4	3.11720050457355E-5	3.472212577182443E-8	3.1249992184234633E-9
Anton@Sanofi~Aventis_Deutschland_GmbH.de	 Anotn@Sanofi~Aventis_Deutschland_GmbH.de	0.025	0.05	0.008709183376796041	0.006587636666400757	0.003935477637224488	6.836573778915001E-6	6.155949876990308E-7
Adlon@SAP_AG.de	 Adoln@SAP_AG.de	0.06666666666666667	0.13333333333333333	0.00702623821941726	9.650094838077605E-4	8.906287155924429E-5	9.920607363378409E-8	8.928569195495608E-9
Helfen@SAP_AG.de	 Heflen@SAP_AG.de	0.0625	0.125	0.006557822338122776	9.006755182205765E-4	8.312534678862801E-5	9.259233539153182E-8	8.333331249129235E-9
Schwittay@SAP_AG.de	 Scwhittay@SAP_AG.de	0.05263157894736842	0.10526315789473684	0.005464851948435647	7.505629318504803E-4	6.927112232385666E-5	7.716027949294318E-8	6.9444427076076956E-9
Scheer@SAP_UK.de	 Sceher@SAP_UK.de	0.0625	0.125	0.006557822338122776	9.006755182205765E-4	8.312534678862801E-5	9.259233539153182E-8	8.333331249129235E-9
Vogel@Sartorius_Mechatronics_AG.de	 Voegl@Sartorius_Mechatronics_AG.de	0.029411764705882353	0.058823529411764705	0.002980828335510353	4.093979628275348E-4	3.7784248540285455E-5	4.2087425177969005E-8	3.7878778405132886E-9
Gowasch@Schering_GmbH_und_Co._Produktions_KG.de	 Goawsch@Schering_GmbH_und_Co._Produktions_KG.de	0.02127659574468085	0.0425531914893617	0.0021384203276487313	2.9369853855018796E-4	2.7106091344117828E-5	3.019315284506472E-8	2.717390624716055E-9
Bielefeld@Schindler_Aufz√ºge_und_Fahrtreppen_GmbH.de	 Bileefeld@Schindler_Aufz√ºge_und_Fahrtreppen_GmbH.de	0.0196078431372549	0.0392156862745098	0.003857542551836927	5.29809128365045E-4	4.8897262816840003E-5	5.446607964207754E-8	4.901959558311315E-9
Lippert@Schmitt_Stumpf_Fr√ºhauf_und_Partner.de	 Lippert@Schmitt_Stumpf_Fr√ºhauf_und_Partner.de	0.0	0.0	0.0	0.0	0.0	0.0	0.0
von Komorowski@Sch√ºco_International_KG.de	 vo nKomorowski@Sch√ºco_International_KG.de	0.024390243902439025	0.04878048780487805	0.008496764270044919	0.006427076407743119	0.005302757546162835	1.356896618608004E-5	1.222439031757336E-6
Hirche@SCREEN_-_TRAINING_-_BERATUNG.de	 Hicrhe@SCREEN_-_TRAINING_-_BERATUNG.de	0.02631578947368421	0.05263157894736842	0.002658576623563288	3.6513872360293645E-4	3.3699464914308654E-5	3.7537433266837225E-8	3.3783775334307713E-9
Wachter@SEW-EURODRIVE_GmbH_&_Co_KG.de	 Wahcter@SEW-EURODRIVE_GmbH_&_Co_KG.de	0.02702702702702703	0.05405405405405406	0.0027324259742178233	3.7528146592524016E-4	3.463556116192833E-5	3.858013974647159E-8	3.4722213538038478E-9
Baumann@SEW-EURODRIVE_GmbH_&_Co_KG.de	 Bamuann@SEW-EURODRIVE_GmbH_&_Co_KG.de	0.02702702702702703	0.05405405405405406	0.0027324259742178233	3.7528146592524016E-4	3.463556116192833E-5	3.858013974647159E-8	3.4722213538038478E-9
Wolff@SEW-EURODRIVE_GmbH_&_Co_KG.de	 Woflf@SEW-EURODRIVE_GmbH_&_Co_KG.de	0.02857142857142857	0.05714285714285714	0.0028931569138776953	3.9735684627378377E-4	3.667294711263E-5	4.084955973155815E-8	3.676469668733486E-9
Goetz@Siemens_AG.de	 Gotez@Siemens_AG.de	0.05263157894736842	0.10526315789473684	0.01833507386360782	0.01058800424099919	0.0016117186608252923	1.9004576894366438E-6	1.7105160197764124E-7
Zimmermann@Siemens_AG.de	 Zimmermann@Siemens_AG.de	0.0	0.0	0.0	0.0	0.0	0.0	0.0
Landowsky@softventure_IT_Solutions_GbR.de	 Ladnowsky@softventure_IT_Solutions_GbR.de	0.024390243902439025	0.04878048780487805	0.008496764270044919	0.0064265663582073465	0.003508720503637675	5.756120797241166E-6	5.182709137225146E-7
Karamelski@Software_AG.de	 Kaarmelski@Software_AG.de	0.04	0.08	0.013934693402873666	0.01054021866624121	0.006296764219559181	1.0938518046264E-5	9.849519803184492E-7
Hildebrandt@Software_AG.de	 Hidlebrandt@Software_AG.de	0.038461538461538464	0.07692307692307693	0.003934693402873666	5.404053109323459E-4	4.9875208073176804E-5	5.555540123491909E-8	4.999998749477541E-9
Stelzer@Software_AG.de	 Stlezer@Software_AG.de	0.045454545454545456	0.09090909090909091	0.014296977921031295	0.0028784446383684835	2.816914488700276E-4	3.1565358447641334E-7	2.8409066760664622E-8
Heller@Software_Process_Consulting.de	 Heller@Software_Process_Consulting.de	0.0	0.0	0.0	0.0	0.0	0.0	0.0
Birk@Software.Process.Management.de	 Bikr@Software.Process.Management.de	0.02857142857142857	0.05714285714285714	0.009953352430623957	0.007324821645062029	0.001991703455240192	2.5789135235241923E-6	2.3213919914587069E-7
Bleil@Sony_Europe_GmbH.de	 Bliel@Sony_Europe_GmbH.de	0.04	0.08	0.013934693402873666	0.01053956882746005	0.005754301625965787	9.440038107475513E-6	8.499642985049239E-7
Ginz@STADA_Arzneimittel_AG.de	 Gizn@STADA_Arzneimittel_AG.de	0.034482758620689655	0.06896551724137931	0.01201266672661523	0.009076178199124192	0.003956147363513864	5.840964410403321E-6	5.258462912662548E-7
Rosenberg@Star_Alliance_Services_GmbH.de	 Roesnberg@Star_Alliance_Services_GmbH.de	0.025	0.05	0.008709183376796041	0.0065877533193327165	0.006157165162893421	2.7197746375249438E-5	2.4526448619582865E-6
G√∂tz@Steuerbevollm√§chtigter.de	 G√∂zt@Steuerbevollm√§chtigter.de	0.03333333333333333	0.06666666666666667	0.011519669531242702	0.0037292489281716763	4.0825032478514765E-4	4.6295241786971827E-7	4.166658125008086E-8
B√ºchner@STQS_-_Softwaretest_und.de	 B√ºhcner@STQS_-_Softwaretest_und.de	0.029411764705882353	0.058823529411764705	0.002980828335510353	4.093979628275348E-4	3.7784248540285455E-5	4.2087425177969005E-8	3.7878778405132886E-9
Zechmeister@STRATEC_Biomedical_Systems_AG.de	 Zehcmeister@STRATEC_Biomedical_Systems_AG.de	0.022727272727272728	0.045454545454545456	0.007917439433450947	0.0059888666539387615	0.005391208852120364	1.81843238471057E-5	1.6389689309999724E-6
Stangenberg@Stryker_Leibinger_GmbH_&_Co._KG.de	 Stnagenberg@Stryker_Leibinger_GmbH_&_Co._KG.de	0.021739130434782608	0.043478260869565216	0.0021859407793742586	3.0022517274019215E-4	2.770844892954267E-5	3.086411179717727E-8	2.7777770830430785E-9
Aschenbrenner-Scheibe@Stryker_Leibinger_GmbH_&_Co._KG.de	 Ashcenbrenner-Scheibe@Stryker_Leibinger_GmbH_&_Co._KG.de	0.017857142857142856	0.03571428571428571	0.006220845269140029	0.004704040484220232	0.00231355028949708	3.594801899284691E-6	3.236491425764876E-7
Max@studiVZ_Ltd..de	 Ma@xstudiVZ_Ltd..de	0.05263157894736842	0.10526315789473684	0.005464851948435647	7.505629318504803E-4	6.927112232385666E-5	7.716027949294318E-8	6.9444427076076956E-9
Fassel@Systemtechnik_GmbH_&_Co._KG.de	 Fassel@Systemtechnik_GmbH_&_Co._KG.de	0.0	0.0	0.0	0.0	0.0	0.0	0.0
Battiato@Systemtechnik_GmbH_&_Co._KG.de	 Battiato@Systemtechnik_GmbH_&_Co._KG.de	0.0	0.0	0.0	0.0	0.0	0.0	0.0
G√∂rig@tapcon_GmbH.de	 G√∂irg@tapcon_GmbH.de	0.05	0.1	0.005177228161675876	7.110596196478235E-4	6.562527378049579E-5	7.309921215120932E-8	6.578945722996764E-9
Sch√§fer@Tech_Data_GmbH_&_Co._OHG.de	 Sc√§hfer@Tech_Data_GmbH_&_Co._OHG.de	0.02857142857142857	0.05714285714285714	0.009953352430623957	0.007324821645062029	0.001991703455240192	2.5789135235241923E-6	2.3213919914587069E-7
Matthaei@TecDoc_Informations_System_GmbH.de	 Matthaei@TecDoc_Informations_System_GmbH.de	0.0	0.0	0.0	0.0	0.0	0.0	0.0
Wollschl√§ger@TecDoc_Informations_System_GmbH.de	 Wollschl√§ger@TecDoc_Informations_System_GmbH.de	0.0	0.0	0.0	0.0	0.0	0.0	0.0
